4854 -46 78 57 -60 -3 80 29 83 -79 -88 -20 -8 90 37 -89 -95 83 44 -27 84 -26 16 -36 96 10 35 36 81 -37 -64 -86 27 -20 16 -31 -51 -4 60 -91 36 -10 -18 -3 -19 31 49 -6 11 68 -78 -50 -52 53 -55 -27 -70 -16 -46 26 -64 33 -36 -11 65 -19 -91 -51 38 -52 5 -59 1 80 78 32 85 -67 -58 -8 -49 61 -25 -96 -88 -85 -27 -75 -89 67 57 -73 89 -47 10 -45 95 73 -27 -15 -34
77 5042 78 18 33 64 69 63 -34 -28 -86 50 -12 -66 -12 24 -4 30 -82 -87 90 9 21 24 100 23 -91 -56 -89 -61 8 -40 -82 25 -84 -41 59 -16 -56 -70 -80 44 0 -27 -5 75 3 -25 -19 88 -75 57 85 -55 -4 73 -52 -95 -17 -83 -33 44 29 -34 21 -92 80 -2 -25 89 65 -69 -41 52 65 81 35 39 -94 21 32 -59 -71 -30 -82 66 50 -79 83 -64 -55 -69 14 -59 70 35 -8 95 -57 28 -21
-38 -68 5011 99 -92 -14 85 94 98 93 -5 60 77 6 3 52 -66 70 -12 -30 37 5 47 -22 75 49 20 -19 29 69 -7 -82 12 -53 -94 -76 32 -68 79 -14 -37 16 -60 98 27 -79 38 -66 98 -93 -73 -44 2 -87 70 -19 -31 58 3 -57 97 -18 33 -38 21 -12 69 -51 -74 84 28 27 -46 75 53 27 -63 -41 1 -80 -66 -38 -93 41 79 80 -27 5 -71 -80 35 -47 -62 -77 83 -47 -19 38 74 3 84
1 -3 20 5396 67 43 -47 -81 35 -4 -22 -78 -68 -45 77 93 71 -68 -66 -95 -1 52 99 39 -33 -33 55 41 -12 -19 88 50 79 10 48 -96 81 71 -12 98 -95 -23 -10 15 45 -84 -94 -100 -79 -100 -51 76 19 67 72 40 45 45 -91 -14 44 94 -53 100 -36 -62 56 67 17 -81 -42 -4 72 -82 75 -23 86 29 69 65 -37 95 -59 -52 57 2 8 21 40 -63 63 47 94 -32 -59 84 -88 49 27 -95 -41
12 56 -20 -81 4782 -82 83 34 -35 -9 10 -61 -21 21 98 92 29 -42 49 -26 -67 -62 -37 -55 97 87 13 -74 32 34 -72 -51 -18 -78 -14 -21 88 38 75 -58 32 -21 50 -11 47 -92 52 17 -15 84 62 -16 -2 23 -16 -46 81 92 77 -47 -49 -79 5 57 -59 -37 44 69 -93 -11 -48 94 -82 -99 -21 54 17 100 65 -16 -63 -73 -18 -19 88 -37 28 44 -95 -7 -37 -31 69 -11 40 34 -88 -48 17 20 34
35 40 -51 57 31 4578 -71 -15 -33 -1 67 -11 46 -56 -13 -90 5 59 79 -56 52 94 -19 14 -68 -10 6 -2 -5 83 -25 5 -19 34 48 75 56 38 -9 15 -10 -49 -39 -43 -78 -24 65 -67 -95 -16 -52 -68 4 26 72 95 -89 -82 100 -88 54 -9 -26 66 -20 83 -100 80 15 -68 42 -66 -77 -47 50 -26 -17 -100 65 -3 34 -81 38 -76 -94 1 -67 -75 87 -11 68 -8 -21 -89 8 -3 -16 21 -66 -44 47
-70 88 35 13 21 25 4642 12 26 93 46 23 -50 82 -54 -65 82 32 79 -68 46 -14 54 34 -18 -36 -51 -44 -15 -26 16 -81 -12 -83 12 53 -80 33 56 69 39 -59 -91 87 -8 -32 80 -79 -84 71 6 27 38 -48 -46 -68 -2 -13 -47 20 -30 -75 79 -8 -40 88 16 -97 -74 68 59 -67 15 47 33 97 -50 -28 -66 29 28 28 -66 -25 -72 19 -35 -1 -21 53 -47 -58 -83 -26 31 69 25 -79 40 27 91
-51 89 -75 -63 48 -42 50 4473 43 -53 38 -17 10 54 -19 56 -7 5 -59 -59 -27 28 84 100 81 4 19 -68 14 -58 -37 -66 42 -67 -35 -34 -75 27 69 -32 19 9 -89 41 44 1 78 -15 -6 -49 87 -88 21 69 13 43 10 31 -16 -5 36 -13 -39 -13 -96 97 68 -100 -32 81 -20 74 -61 63 37 37 85 -40 -53 87 26 -82 -8 -11 97 -100 -4 2 2 -63 44 28 -97 31 21 22 65 -23 -71 -4 76
66 -68 74 -44 70 34 17 72 4980 -39 -83 -49 53 49 -92 36 -15 71 76 -22 32 -55 28 61 76 -57 -37 59 4 -43 -78 25 -34 77 -6 -29 39 84 47 39 58 -68 4 -36 2 -87 -79 16 -11 -48 27 95 -17 -88 54 68 90 -91 15 64 -66 -92 89 -3 85 25 -70 66 -48 -40 15 -89 -43 15 -70 75 15 -36 -63 -10 -96 -36 -13 -89 43 -9 80 59 6 19 -5 77 -13 52 90 -55 -83 34 54 93 99
-22 -7 -64 96 -87 -33 52 -30 37 4626 -78 67 -97 -5 -85 -43 -51 -89 -82 41 -14 -50 -67 37 -3 -36 80 -40 27 18 41 17 -77 -74 38 -51 -81 2 -56 21 -93 -73 87 55 32 18 -51 -26 -43 -55 -54 -10 17 -63 -72 61 2 67 61 -5 -91 58 -34 30 50 -47 -82 -85 85 -69 52 100 11 30 -8 76 4 18 -57 54 -18 1 -5 10 70 34 -25 33 8 20 47 -67 -44 -88 -75 29 44 71 35 19 -57
15 28 65 -29 43 -55 91 -9 -49 41 5307 -66 -68 60 -12 90 44 57 23 87 -86 -30 -65 57 5 -94 -16 80 -93 79 72 -80 71 -66 -82 -65 -59 10 -52 -96 -51 -10 -92 34 22 -31 4 91 47 15 -15 -92 -15 -33 -79 -29 -10 40 -74 -67 76 20 -41 -48 -46 -59 43 58 11 -20 -43 -57 99 35 85 90 -40 57 -16 69 79 -20 -63 -41 74 75 32 91 -100 83 -90 79 -58 62 -39 65 78 41 -31 51 51
-50 -20 15 2 -42 19 13 -34 -11 39 -24 4821 18 83 40 63 -69 -10 88 -39 -96 -72 -36 -76 -59 22 -62 -47 25 -92 -51 85 -50 29 -30 30 88 86 -93 52 -39 51 3 -1 67 7 -48 56 41 -95 -84 -49 10 74 -76 64 -42 51 -35 89 33 66 82 32 87 -41 25 83 -98 -99 -4 16 5 -74 79 -20 82 -28 42 -30 -70 14 -46 -53 97 74 -13 32 20 98 36 48 47 -63 -28 56 -94 42 -16 -5 -77
62 21 94 62 -45 14 24 85 49 -18 -74 -77 5107 65 -26 -1 -97 86 27 -51 -66 25 -68 59 99 -39 -44 -81 95 -12 -8 -77 -26 91 64 -16 -41 -78 85 -81 77 31 -96 -84 58 -31 3 13 -54 -93 -7 -35 56 -24 33 84 -22 -18 -62 -85 22 -36 55 33 -52 -95 -74 -29 -35 20 34 54 6 23 -97 76 -100 93 88 -43 -89 9 70 -72 -53 -7 43 86 0 12 -45 -93 -18 50 82 57 21 87 31 17 99
98 -9 -16 -34 -18 -68 -49 -13 -97 -65 3 30 74 4771 -63 -70 -71 36 60 80 21 -91 71 61 -8 -45 32 56 -3 29 -58 -90 12 73 -90 -37 -69 -75 35 -16 -38 73 4 -82 71 99 85 1 -31 14 -93 58 -88 39 25 -53 50 33 2 95 30 92 -36 -58 2 93 -5 -80 -73 16 -67 -49 -79 91 29 28 70 22 41 86 82 19 56 47 -59 52 -32 60 -38 -42 28 23 -18 -6 16 45 0 63 -40 37 100
-65 7 -51 86 79 26 -4 31 -91 48 57 2 83 56 5160 -17 84 86 -69 23 -50 84 -29 -87 55 -29 -58 10 -37 4 -45 79 -6 5 79 -59 -51 9 59 -37 75 -11 14 26 79 0 -86 -82 -2 47 -52 99 -27 -74 -11 -50 82 -76 83 -75 -94 98 50 7 77 96 57 41 59 -49 -41 86 9 64 46 49 -50 -86 65 73 -30 -68 8 56 -86 -6 -94 -38 76 -60 31 -44 -48 -100 -55 -14 -43 -81 -38 98 87
-38 -53 -68 0 -57 70 56 18 -74 81 3 -40 32 -61 -94 5110 92 98 -25 -31 48 -77 86 27 -96 60 -49 -86 -69 -84 73 88 77 6 -73 -93 -14 -34 40 93 43 11 -2 88 -8 -23 -73 91 1 3 54 88 6 -96 -7 34 68 74 66 29 91 -100 -21 38 -57 90 -79 -8 -4 75 -4 62 0 -61 82 -59 -74 57 -65 50 -15 40 3 -18 -49 -34 -32 -89 -36 -13 66 -30 -45 -73 97 -17 46 93 65 -42 -41
98 91 -49 -2 -81 -54 37 79 75 71 19 -83 19 55 -90 -28 5434 55 8 -88 9 -81 -88 98 -70 -33 35 -99 43 27 46 -62 56 -64 100 89 56 80 -64 58 10 45 -13 81 -64 69 24 27 -80 -100 -26 -9 -42 -23 62 30 77 81 78 -5 -36 -59 -74 29 86 -29 61 -25 96 -75 -26 -90 37 65 80 -34 -96 42 19 4 50 43 29 88 -100 -78 75 75 90 -2 45 37 52 -55 80 -8 -2 -91 -20 64 82
71 92 16 40 -15 -36 67 78 -75 -79 3 -86 -1 -57 54 -71 -6 4866 5 28 72 -90 66 33 86 13 -19 62 -20 -70 29 -70 -87 62 -12 -62 -94 -12 -35 10 -47 -51 8 39 -1 41 -49 -94 42 -30 46 -55 58 4 61 -86 29 30 73 -70 94 -61 0 -42 -10 97 89 -95 -35 -1 -63 -32 -99 34 -57 -44 -99 -92 42 -49 -9 -70 16 -96 -98 -23 11 -30 -68 -12 47 -78 43 64 91 35 94 4 -36 7 77
85 -39 85 -21 -5 -42 -63 75 -99 -46 -85 -4 -13 0 79 33 60 -76 5096 65 -72 69 8 -83 88 -22 44 -78 9 -77 68 -78 80 -100 -43 26 94 -79 -74 22 -81 5 55 -60 -75 9 39 87 -51 30 -100 -73 -13 -33 -18 -67 32 57 -21 -89 82 -86 71 42 -76 -78 -40 -37 -59 26 98 -65 -56 37 56 71 -6 -19 32 -5 24 -83 7 -35 -31 -48 -28 -48 -44 -58 -62 -2 73 -82 -10 -76 26 -62 -30 -40 39
23 -54 89 75 -49 20 86 -65 -88 51 71 -55 -56 52 41 -38 -73 14 -29 5251 55 74 -38 -61 -89 16 81 -30 57 67 97 -64 -29 36 4 52 76 90 43 21 -5 88 76 35 -46 -95 -8 -14 -23 -100 -78 -73 -26 95 -99 38 62 -48 22 -55 -91 21 76 6 95 -68 36 -12 44 80 -74 -28 -8 -36 -8 32 68 99 -39 83 -88 52 -60 -63 92 -60 -92 -68 99 -13 32 79 41 -24 5 -31 -32 19 -81 20 -79
-9 55 96 88 26 -16 -75 29 -98 -65 -12 43 -5 -9 -19 69 -90 71 -75 -88 5067 -86 30 -77 35 -28 -82 71 19 -88 67 14 -38 39 31 -83 48 61 51 40 3 -16 32 13 8 71 91 -72 13 -52 -13 -10 -19 -78 16 -52 -78 6 -45 50 78 -21 85 29 27 19 -28 73 6 -92 -66 24 62 0 28 97 23 1 -96 -61 100 78 -28 -74 87 -37 20 52 29 98 -41 90 -58 59 -85 82 -90 -95 -100 83 94
-45 -49 -85 -58 -60 -67 -68 -87 2 48 -52 15 67 38 14 -61 42 55 -25 27 49 4610 37 -49 85 -96 -79 88 56 -10 -44 -45 -14 -2 28 -36 95 -48 -72 -11 -47 97 60 -27 21 -33 -67 -9 -14 51 28 52 -30 -29 -36 -3 -64 -13 50 -79 -24 5 -34 100 -83 -34 34 -6 -48 3 81 37 -18 -32 41 -71 84 23 100 -33 -4 -21 -4 -80 -49 100 -28 -52 91 57 -65 90 -58 3 34 18 -80 -81 -60 24 46
23 -84 22 99 -20 -28 -63 35 34 -30 73 49 -22 -61 41 -45 44 47 76 -84 97 -82 4877 46 61 0 -77 -22 -4 5 -18 -90 23 -43 -40 -99 75 -43 39 -32 -54 -38 39 -31 -95 94 59 -90 54 -6 -29 86 76 89 -14 -45 99 22 81 71 86 8 -19 -54 18 48 51 -36 -9 -54 12 72 19 -9 -82 43 78 -76 47 70 -28 -30 -83 76 -80 -95 -38 -8 -32 -90 -11 74 -48 23 11 12 20 76 68 34 -11
-92 -7 -11 83 -75 33 17 6 26 8 98 -3 18 -24 81 8 -53 -99 67 73 61 55 -31 5337 -45 65 6 37 35 11 42 70 94 38 -17 5 8 2 89 -81 50 99 -96 91 43 -48 31 8 -55 -73 97 -95 -22 -43 68 -86 85 53 -23 55 -51 -81 59 36 -67 81 93 16 -92 -82 -36 -71 -57 94 -45 82 81 39 -84 -21 -58 -93 -90 60 -97 -4 -96 -47 12 78 66 3 97 55 46 -18 -90 -85 -65 13 -84
82 38 -37 -28 -1 79 3 64 -15 76 43 61 -100 90 23 -97 80 18 91 -72 19 -71 78 70 5147 -76 -82 65 -21 -76 -73 -79 -61 -99 -63 -19 14 8 25 18 56 -72 93 -90 -51 30 -67 16 48 59 -97 57 -4 -54 -55 67 70 39 85 -51 33 -43 -39 -70 87 -22 -100 4 55 -30 66 20 92 -17 8 83 -91 57 -64 95 -27 1 -46 76 -42 -60 -7 70 4 7 97 20 70 16 -75 8 82 -25 48 -13 1
64 -100 55 -2 78 -13 24 98 -64 18 -77 44 -2 21 57 31 41 88 -63 -18 -2 59 -43 15 -63 4502 97 -1 -12 -67 26 -8 -62 -69 20 71 -95 81 73 -90 9 -40 -31 50 -58 -10 68 8 -45 53 -32 32 -62 -2 -83 1 -63 -6 43 66 54 4 79 42 76 54 47 -10 76 -56 77 54 -12 -17 17 -14 -99 -4 18 -13 19 -63 -46 -61 40 -79 -80 16 -58 83 24 -12 -82 89 -15 77 -54 -14 -13 -79 85
-30 19 55 60 13 90 12 11 55 -96 -97 -50 -73 99 78 -41 97 54 21 -83 95 75 -54 -75 21 -63 5602 32 43 -79 34 -9 61 95 -34 -56 -73 56 -26 2 12 -41 -40 -58 65 -86 -92 84 91 -72 59 -22 93 -48 -21 35 -100 46 -64 -62 -88 36 -96 13 38 81 -72 19 26 12 2 86 65 -76 28 -78 38 71 41 65 -66 63 -95 74 40 -89 -77 -73 -22 -95 66 92 -39 75 -38 55 -78 -50 -74 1 33
-65 -11 -5 -6 18 -38 38 82 -40 -42 41 -59 29 -2 -62 45 -15 0 52 -30 -57 -26 -40 59 81 -22 -50 4823 -82 -53 -7 49 58 -90 87 -82 -61 40 24 -87 -46 -57 88 89 93 -31 19 -94 56 43 -68 -16 58 97 33 11 57 -49 48 50 71 81 -98 11 -64 67 78 37 46 32 -64 95 -27 -38 7 50 -51 92 72 -42 -85 -33 -17 40 -15 -45 62 58 23 14 90 -95 63 3 -24 -40 0 -22 -39 93 -9
-20 59 -22 -69 88 -38 -90 -24 19 -85 -20 -44 -54 25 16 96 41 48 74 7 94 61 -88 66 -9 22 -6 -97 5065 83 -31 -92 8 -93 -34 98 -42 93 -60 79 -68 63 -20 30 14 12 -78 -60 -77 -84 -100 70 -99 84 47 62 -25 -60 -5 48 51 44 35 -5 -29 53 70 58 -88 2 -82 52 -43 -88 -46 41 -61 86 10 -25 24 -87 1 19 21 -84 84 -73 23 94 -42 35 -82 -24 22 12 21 56 84 6 50
-14 66 16 8 -84 -75 99 -21 27 -2 35 99 46 63 40 77 91 72 42 71 32 -7 -21 19 -28 34 99 34 90 4886 -47 90 -4 62 -31 -100 12 89 1 -35 47 93 -52 -1 -1 32 98 69 -6 -68 -15 58 -47 -24 76 -33 39 19 -1 95 37 93 -50 -25 12 -6 -93 -31 -56 42 87 -98 96 84 -3 63 -49 -25 67 14 -93 18 -67 -29 -42 87 53 -42 19 -40 -74 69 21 -95 55 83 -32 59 47 -72 28
38 83 -89 39 92 60 64 92 -20 -37 -97 69 27 -87 81 -93 -6 52 -62 28 -66 35 96 4 5 71 -35 -1 89 4 5203 36 46 -90 -68 41 -80 -83 80 44 -89 95 34 -53 91 46 81 67 69 95 -21 49 -51 -79 -59 90 7 90 71 72 -12 -81 36 -78 -6 -41 -55 42 -58 -28 26 -99 0 69 51 9 54 67 85 -34 -2 75 -14 4 11 -92 82 47 -45 44 -18 -59 9 78 -19 -13 -97 -38 -24 -1 26
44 -23 -72 -7 65 39 -92 -94 -85 -74 10 41 93 -51 37 -76 -25 -49 -78 -2 18 1 -73 -92 23 -19 0 65 82 15 -17 5007 50 18 -12 22 54 -59 -7 29 -64 87 73 -11 -5 80 -95 -45 -95 2 -75 -56 -1 20 -14 52 44 -100 23 48 37 -13 87 -34 52 8 -33 -100 -48 -9 -47 93 -68 60 91 -81 79 -100 24 -25 -40 -75 76 85 -46 45 -47 91 -84 -97 26 -4 48 -24 -33 -97 -30 98 92 76 -1
44 22 -85 55 31 -15 -49 47 -20 -74 -62 1 -92 -62 29 70 -87 49 -48 -40 -15 -42 -14 92 -84 -12 -71 -75 17 62 -28 -95 5103 76 99 -69 12 46 -77 14 -62 -68 -14 -85 -92 1 100 -32 -37 81 55 64 25 91 -93 52 -24 53 6 26 -71 -3 -39 84 -75 25 -36 -43 -29 52 -48 28 25 -14 -13 1 53 50 -68 -89 9 -93 89 -64 -79 61 -80 -96 -29 90 71 42 59 -49 15 -28 49 -21 -100 -89 16
-80 18 39 -4 -96 -19 -32 -76 11 -32 37 -79 -63 73 -74 48 -97 -50 -72 52 56 -39 13 -38 50 -17 -23 3 5 12 -35 -78 -60 4977 61 45 -55 13 -78 15 72 -90 1 5 -82 86 26 82 34 56 -6 59 -96 -30 -44 -72 -79 -4 -71 82 -52 -95 43 30 -1 6 65 57 46 59 44 99 -74 -58 -98 80 -79 18 64 -17 57 -37 7 -46 -18 41 -34 52 72 99 61 -87 -63 98 49 48 26 66 -68 -37 -76
24 -9 -39 -100 -34 86 -37 -12 56 61 3 -18 -62 65 40 -82 -11 -53 21 67 8 53 -60 -94 -21 -50 12 67 94 36 94 15 68 33 4553 49 49 77 20 -38 51 43 -58 42 27 76 -76 31 -56 -62 -11 51 10 -23 -21 -12 -91 74 -25 -37 -72 100 -49 -86 71 -51 69 -28 63 76 51 -38 -59 -33 96 -9 -51 -53 53 84 -2 1 1 -19 -13 -9 38 46 -66 91 37 -38 1 -38 9 58 33 98 14 53 81
-20 48 -4 46 72 27 46 32 -23 -11 -54 2 21 65 56 92 85 90 29 75 86 33 4 58 52 -23 47 51 24 11 11 36 -65 58 55 4933 99 -60 -36 -98 100 -61 50 7 83 73 14 -33 37 -54 -88 -21 93 48 38 40 -96 -62 37 -37 4 -100 50 -18 93 -95 41 -23 53 -71 -98 -25 -7 18 -91 44 40 33 -30 -91 76 18 -77 -16 -87 -48 89 20 28 -21 33 46 -46 -92 -79 94 -68 -4 -26 -62 41
-7 82 74 83 57 30 -55 -23 -99 87 -82 -15 93 95 55 -92 -81 -40 -80 85 17 34 -53 1 -79 36 100 -90 37 -53 -96 98 61 -81 -52 -24 5409 42 -1 30 49 5 15 35 -85 55 -89 73 -80 48 91 -32 -54 -19 -75 -9 85 60 -85 -90 -19 30 78 -71 25 26 -62 100 87 24 11 44 20 -31 65 -12 -34 57 -13 23 -97 67 -65 -60 -50 39 49 66 -73 78 -98 42 -43 -86 -60 -79 -11 31 -47 1 -77
-34 -66 -17 85 12 86 55 7 -19 -21 -1 25 72 32 55 87 20 -96 -20 1 -27 91 50 31 48 56 86 81 73 32 40 -79 -55 37 16 6 -22 4580 -41 10 -31 -96 15 56 -48 3 65 24 -85 78 -49 98 75 -23 -78 63 -48 -3 50 -75 -8 -88 28 -24 -91 -42 7 1 10 -46 51 -21 35 -22 5 38 -87 -66 -61 31 -67 48 67 96 -90 -5 97 -1 38 -60 32 44 -27 -54 -91 68 -73 -41 38 25 -90
-100 90 84 24 -54 -34 -23 96 -98 -75 88 -42 77 53 -69 -63 82 -8 18 47 73 10 56 -65 68 36 69 65 40 95 49 55 25 -61 72 -94 57 -71 5490 -70 66 -52 -49 80 90 28 -57 -86 53 12 -51 -63 8 41 85 -55 57 10 -93 24 74 72 -79 -29 -52 9 -31 -13 59 -14 -92 0 52 31 14 63 49 89 18 -43 84 59 94 81 -4 -9 -29 -11 26 -44 -92 -50 98 75 -95 -12 -95 -63 91 -78 93
-28 56 -61 -39 -83 58 10 -38 32 -82 40 75 -98 -13 -16 -83 -89 -40 91 72 0 3 38 -72 -75 97 89 17 -31 -10 70 -64 24 -66 75 86 -10 50 -67 5114 57 16 88 -18 52 94 82 56 -98 -54 20 -5 -18 -61 27 -95 93 -4 -87 -1 -21 -8 -50 31 -92 95 31 74 -85 26 41 -46 -42 -23 -15 -45 46 11 -53 -41 42 -51 73 -57 -58 4 2 68 41 51 -89 83 -33 93 -74 -100 7 46 -97 -94 82
-6 -79 30 13 -14 -52 -50 26 30 33 -26 18 97 -73 -33 -58 -17 -38 27 -51 -51 -44 -92 25 -39 54 -68 -85 2 73 -47 26 11 13 -35 -91 -31 -93 -43 -98 4688 60 -28 52 94 3 -27 70 -9 -77 25 -48 78 -90 75 72 -60 64 -71 -44 65 27 -25 -57 -86 -60 -41 79 -14 8 56 32 83 72 -18 -16 -13 10 -44 -48 82 78 35 -97 0 -34 -3 -98 -72 -46 6 47 -76 -53 65 -31 57 23 -25 66 -15
52 38 -64 60 -9 -39 60 -3 19 37 -42 63 41 -20 100 37 -18 19 31 88 75 29 -23 -93 40 -51 -37 -2 43 96 60 53 23 -64 -70 -50 -51 -61 -93 -21 80 4625 36 56 -61 84 10 -26 17 56 72 25 39 3 38 -93 94 -32 -7 8 42 -68 -9 -96 -22 -95 -53 -70 39 55 -95 73 34 75 -31 24 -81 -95 -2 6 33 34 -14 13 3 92 -38 -85 -12 88 39 -43 -56 -68 -24 20 -50 27 -58 -50 67
-94 -15 -18 -99 -63 -77 -88 -77 31 -64 15 88 15 76 -35 64 -13 90 25 18 -84 63 -47 -56 48 -55 -67 77 -93 71 -8 -88 -55 15 81 47 -87 -39 -28 31 -5 86 5392 -32 -96 -31 82 -65 -74 12 -71 53 -53 86 -30 94 -39 32 18 80 -41 48 64 37 76 -92 -44 45 12 75 -66 -37 -21 -96 45 -19 82 -99 -41 -43 -61 -86 -93 -28 0 -93 -28 49 73 25 92 -28 -84 -67 84 -1 -18 57 38 -59 -29
-80 -11 90 13 -88 11 -47 -83 -27 28 77 -26 25 76 -60 -88 35 -6 -38 41 -90 -98 35 44 -18 -73 -97 16 57 61 28 42 -49 97 -14 -89 42 -36 -69 -96 -70 82 27 5054 90 -3 -70 49 -59 33 64 49 77 -37 2 30 6 98 -44 72 -6 20 73 -58 22 -95 71 -9 77 -36 48 81 -85 52 31 40 -9 6 -45 -50 -76 72 84 63 86 10 -65 -21 57 -95 9 -3 36 61 -99 89 33 -12 90 -15 18
74 85 12 88 93 -15 31 0 -63 21 73 81 49 -43 92 62 77 14 17 -43 32 -89 100 -63 87 -2 7 34 49 -83 -61 96 -9 -99 -92 20 72 -5 46 17 99 20 -2 37 5115 2 -100 92 89 -19 -61 87 52 84 39 71 -61 -62 5 -23 -28 -2 -64 42 20 -27 -63 -86 -79 66 -22 -8 1 45 -16 -55 -83 50 33 -48 -60 -50 66 85 -10 86 -48 -70 -13 63 61 87 37 86 58 45 80 -64 -25 -81 -26
69 -81 -73 -56 -66 65 52 -90 -9 -21 18 14 -33 37 73 -3 12 64 -16 18 59 53 -19 -3 12 -78 65 -60 -79 88 25 39 71 -17 -9 -76 -51 -69 -37 -19 75 -32 -55 -30 85 5077 97 35 -71 98 94 -51 -21 93 -30 72 -59 -66 -15 12 -45 66 29 -77 81 32 81 -25 -41 89 -51 -57 -99 97 43 -70 45 24 4 93 86 -40 51 -44 -89 63 6 -80 47 77 74 -62 1 -16 32 89 -84 -58 -7 31 55
36 19 -49 -32 -43 0 -83 -22 83 54 56 -96 -8 -14 38 -37 -70 -94 80 18 43 20 2 72 58 36 -44 -24 46 -50 64 -99 -51 -28 -60 -47 28 38 -48 95 -40 -39 -22 -44 30 -74 4448 -32 39 30 8 -87 15 31 -54 2 -80 65 -81 -70 -74 9 72 63 38 96 -58 -27 9 -28 -19 -43 24 84 42 -13 -1 67 1 -4 58 0 -2 -13 61 15 -25 93 -41 -96 -96 -45 5 -8 86 -52 24 -96 50 81 56
81 82 -74 85 90 88 -99 78 -2 -78 73 36 61 -21 -21 -21 -9 -78 -91 -54 -22 -91 38 10 -35 -1 60 40 -88 -54 94 -97 -17 -30 -51 77 14 -26 -65 32 -100 -29 24 60 -15 -22 -29 5140 1 -18 -52 85 100 99 -58 2 -39 -29 -20 37 93 80 39 -41 -94 11 99 -95 1 23 15 42 45 59 -87 -5 -31 -22 -100 19 76 25 -87 -83 49 -31 99 72 -13 0 -23 33 82 60 100 -91 -64 -45 -59 -63 -83
68 16 -76 28 -85 -53 8 -72 72 45 26 -32 -23 -70 -4 -75 22 -57 -68 -70 -64 49 70 -12 48 28 -32 -94 -68 -33 3 -73 -96 -9 -63 -42 14 -72 -69 -91 -59 26 16 52 56 -35 47 77 4756 -82 -95 -46 -10 -38 -35 -60 -5 -96 -33 -44 94 -47 2 52 60 -55 80 -80 49 -23 -68 -34 -96 -15 -51 41 -42 -71 58 -94 39 36 9 54 -2 30 -9 -48 -87 30 -16 66 -7 25 24 -6 -42 -75 60 -66 -86
-75 -91 92 88 54 90 61 -70 59 85 40 38 -7 80 42 -16 39 -11 -4 45 -22 63 92 87 46 -72 74 7 -55 -10 43 -12 -98 81 100 -76 87 -81 -79 5 83 97 -1 -94 97 -93 89 98 -64 5395 34 -79 25 23 4 4 68 100 -55 36 -29 3 -12 81 -50 18 -66 -59 57 15 -87 82 -83 -93 -71 19 -70 -76 11 -12 -98 35 86 21 -69 -8 13 22 -51 45 35 -74 -45 -64 87 2 98 -2 -55 69 98
-65 44 -71 -48 -70 -28 45 -89 87 34 34 -2 58 5 0 69 79 55 89 -59 -53 8 -28 70 46 87 -59 88 -67 65 36 -33 55 32 32 60 11 -19 82 -47 -96 -92 -52 78 54 60 -39 -4 22 65 4909 -98 15 42 -55 -10 -23 -45 37 -52 -10 -7 -50 55 93 51 -21 -12 9 -71 -12 -68 -36 1 82 64 -100 75 -60 38 -6 95 0 -13 60 83 29 -23 36 -61 95 2 -61 40 -84 -97 -94 -19 -94 -53 89
-16 -50 14 -40 56 16 -78 65 -30 -82 10 -24 -43 33 -81 -91 -51 -100 -56 47 -80 -92 -49 1 99 -16 -68 -7 -89 47 14 96 -42 -77 -84 -38 -78 -73 -15 98 -17 -35 24 -89 28 21 79 6 89 50 92 5014 12 79 71 72 40 -85 22 -12 72 -43 -44 56 -19 39 -75 -41 24 15 44 60 79 29 -76 -2 21 -79 52 -1 -49 52 17 -22 16 53 -60 28 -38 34 70 -65 53 50 96 92 -96 29 88 -65 -97
69 -56 98 60 -77 -79 73 -13 -41 0 65 69 -28 -32 -94 74 61 -16 68 -5 30 28 -5 -26 -85 9 -26 -73 -51 32 40 41 -33 -66 57 -99 -99 63 -69 59 12 -97 52 -39 89 81 53 42 54 -49 -21 -63 5578 34 -60 88 58 96 -38 0 -82 -83 -82 80 0 86 100 -39 -10 -79 76 -78 -45 85 69 -82 -56 96 50 -81 73 13 38 -27 82 88 80 -100 9 49 50 -5 96 47 53 -85 -63 -50 26 89 16
-52 27 -97 88 45 -41 34 -55 62 -76 -52 -74 88 10 -80 11 47 -7 -22 62 -82 1 -58 34 -38 -70 -14 -48 -86 69 54 -94 -61 19 -33 96 92 -42 91 -85 -63 -11 -51 -57 54 -30 -33 -88 11 64 -36 55 -71 5314 34 -75 -74 38 -54 59 10 28 98 99 -83 -83 -59 -75 67 -56 -93 -44 11 -15 -32 -52 67 -63 -68 -54 74 86 84 -12 57 -14 0 49 43 -74 59 54 94 -82 56 13 83 11 -24 -32 -43
-29 -75 -86 -63 80 11 -67 -1 0 73 -71 -48 83 -69 68 -29 -33 -59 -24 -75 -51 -2 89 75 -53 95 -75 51 98 -37 -73 -85 50 25 30 -15 16 91 -23 1 -48 2 40 49 -98 -26 -8 -3 -7 -38 9 16 -3 7 4744 -19 -19 -66 -23 20 41 98 -44 70 -30 81 100 -49 -85 -44 -95 53 40 66 -17 14 -29 82 -25 84 26 99 99 -26 68 33 -86 13 -61 1 -58 92 -92 86 -12 -16 65 11 31 -41 87
43 6 -13 93 -65 57 93 -8 -14 -88 -98 -57 86 61 -44 58 17 2 30 66 -72 18 -40 -66 -71 58 70 26 -22 48 -59 -42 -58 28 -95 64 40 50 -39 36 82 -8 -89 -90 30 17 57 54 -87 4 93 85 -75 74 -13 5236 -79 -28 -47 -36 -69 71 37 -68 -37 -46 22 83 40 84 -53 63 97 74 67 -43 59 -13 74 -36 13 87 57 -40 78 80 48 -4 82 -95 -78 -49 -23 -54 -53 -20 32 51 43 -63 -93
29 -12 -67 31 -39 -95 -89 -43 -98 -15 41 -8 -68 -62 79 25 -43 -94 6 -53 43 34 -15 -47 98 31 -2 89 73 -32 -19 -68 -41 -66 79 -31 73 -61 -4 80 17 20 -79 93 24 31 98 -91 71 -53 -2 88 -92 31 -79 -46 5082 -89 18 50 -2 50 -72 -12 59 89 -62 2 -100 87 -67 -78 36 47 6 -18 2 84 15 46 -69 51 -70 -100 11 -58 40 -67 40 -77 66 23 -55 -47 -72 -94 62 3 62 -25 56
7 -82 71 61 12 -40 -30 23 55 50 75 -63 90 -63 -75 52 7 -6 49 -81 -38 -31 87 5 -79 47 32 43 14 -53 -72 -39 -37 63 -26 -31 -58 -18 -71 5 -30 69 65 -29 -60 54 35 -28 -37 51 -78 -37 -40 -18 24 70 59 4606 2 69 53 41 1 57 99 -15 76 -31 50 11 57 33 75 -15 -4 -93 -86 -73 -97 -1 -31 40 -70 -41 -5 -1 93 72 -72 -20 -37 5 49 -14 63 -59 -37 89 89 -54 74
44 27 -19 -87 -79 10 64 72 -52 -91 27 -28 -36 -13 91 22 -1 -31 -65 72 89 -9 -93 -31 -19 -44 -44 -98 20 11 -6 -32 -20 -94 6 1 -55 -20 13 73 55 85 -41 50 21 37 20 -40 -68 28 -33 100 -50 78 -6 -33 15 -38 4543 -45 14 -76 -25 -90 38 71 -96 -55 86 -43 42 38 29 20 6 60 18 78 -53 40 24 40 -87 -100 48 -39 -97 75 -18 100 66 -48 -19 3 48 16 -44 -9 -52 79 -37
52 60 71 -23 16 -62 -61 -38 51 -93 -75 44 35 -19 -35 -73 10 35 23 87 -59 -67 -69 11 7 39 -19 88 -84 -78 10 92 -54 99 -92 72 31 -9 52 -75 -30 -60 -58 -73 -21 19 95 -2 -5 80 -3 -40 -69 22 81 -34 -9 -58 56 4970 -96 -4 57 58 -55 -36 72 36 51 -89 42 -92 74 65 -16 -3 44 2 -11 13 77 -3 74 93 -42 -21 52 -39 -14 45 74 98 18 -74 -91 70 72 95 -90 26 -43
-50 -44 -93 24 82 82 -25 -90 25 -75 -75 17 -55 -82 -17 -37 82 -44 77 5 54 78 39 77 82 -99 5 -60 13 -76 41 76 -55 100 -80 39 -68 -84 81 29 3 63 -3 -72 -81 43 100 -57 79 97 -33 -60 -70 21 -51 -41 -99 66 -90 22 5306 -58 1 27 70 5 -5 98 -13 100 -16 -95 67 51 95 -60 -74 -70 85 17 -20 -62 50 -42 32 27 9 15 -77 -90 -75 -34 -30 -58 5 -30 -71 50 -44 -9 -64
44 79 66 34 37 4 -33 74 3 73 65 -68 -12 -35 34 92 -83 -79 97 -53 29 -81 -34 23 60 94 -58 -97 51 25 -65 20 57 18 6 49 71 -41 34 7 -4 99 4 -11 21 -37 21 -85 -65 -19 -20 -77 44 -63 4 -50 31 23 -77 -13 78 4637 -19 -1 -65 -38 -43 41 -55 0 69 -8 44 -89 -11 -73 -9 61 7 92 -93 -2 32 87 71 74 40 71 -92 4 83 2 73 46 61 -27 80 67 -68 7 -45
81 -65 -36 67 -34 79 29 -62 -79 -52 100 36 -28 -80 -80 81 33 -61 83 -31 11 -66 -78 95 10 -40 -27 96 37 25 66 -63 -37 32 -64 -70 -26 54 24 -23 -75 -98 64 37 -4 2 -93 88 91 2 -90 38 -85 -11 -69 -61 -88 -68 84 15 47 -89 5472 76 -10 -5 26 -85 59 73 -37 92 25 90 -86 20 36 -53 94 -5 -30 -75 -66 -78 -85 39 52 -48 -16 -21 -49 80 41 26 -51 84 -98 72 87 -61 97
3 20 -80 54 82 -10 50 -59 97 93 -62 63 -36 99 38 25 8 42 -51 -91 -13 -47 -11 -58 79 14 43 54 37 38 -87 73 65 89 -20 56 -27 -54 -30 35 -22 -62 -98 23 3 -96 59 10 67 -86 -88 37 86 50 -54 -90 79 42 47 -89 15 72 22 5245 -80 -32 92 69 80 48 -23 -31 -99 56 35 -56 87 -3 9 -88 -67 -66 29 58 42 36 -98 9 -15 70 -92 -83 49 22 -7 94 -37 -89 -81 22 -99
-17 48 17 88 -24 66 34 87 90 -32 -18 -54 78 78 77 -68 65 7 98 12 68 10 27 -71 83 -34 -87 -60 2 2 -5 -45 -56 69 -93 -60 -45 -52 22 -10 -60 -84 -75 -40 91 -65 -55 34 -22 99 -59 -83 -99 -36 -19 14 37 86 99 -7 36 29 11 8 4760 49 -50 -24 -36 -86 -66 28 -2 76 20 88 -6 1 26 12 -99 7 -9 6 57 13 99 -71 2 83 8 -17 33 -84 85 -88 -86 -43 10 -82 100
13 -62 11 -37 93 35 -32 -60 7 83 -83 93 -44 -20 77 -43 -7 61 -82 -95 -9 -9 -7 58 -15 60 -3 -52 3 -94 23 -97 -64 43 16 -3 -99 -51 99 84 -53 -12 -58 5 -14 99 83 38 -53 38 -1 44 -93 -64 48 -73 -62 -31 -20 55 82 47 4 -13 -17 4813 53 38 85 -55 43 47 -56 -21 85 67 -31 -88 -35 27 50 -37 -29 -99 59 14 53 -43 58 49 57 59 46 -76 -68 -33 92 -82 -35 8 63
61 -58 -82 -94 22 -38 -29 91 -43 28 63 -59 0 81 56 0 65 57 87 98 95 37 93 -8 1 98 46 17 76 -61 -2 -64 -48 -63 92 29 -62 72 -9 32 -93 58 -32 5 30 -81 -93 53 68 29 -92 63 47 43 35 71 -1 87 -48 66 43 -60 -31 -27 78 -39 5334 13 55 68 45 62 -5 -17 -29 1 -77 91 38 52 -57 90 87 99 -82 67 -47 -92 32 -90 64 80 -63 -27 31 27 -21 73 73 88 21
28 -15 -18 -61 34 82 69 2 96 43 -52 3 -29 -64 99 22 -46 28 -94 69 -15 31 -92 -55 95 45 100 -27 -73 -26 -99 10 5 -31 -89 76 -29 99 -75 -63 -81 21 -5 -16 -74 -4 52 -69 -40 89 28 10 7 89 -12 -88 -25 8 -4 -5 -2 -6 -85 36 51 -64 78 4709 -57 57 -9 -66 -15 49 -85 -40 63 30 -62 -14 -17 -24 -59 -94 89 72 14 14 34 64 -53 -64 -96 9 49 30 -39 -73 65 -64 55
0 -43 56 21 -32 34 81 56 -13 -33 45 42 58 9 -54 66 -31 84 -50 79 65 8 25 -31 59 31 81 -6 86 13 55 -25 -6 18 8 -15 -18 -13 -49 41 -84 91 68 -15 -83 -38 12 -15 -36 -67 -94 -41 23 23 45 78 -68 -41 -34 -72 70 -48 31 -55 -38 1 36 81 4349 -32 23 -6 -40 -54 93 -10 75 -33 24 52 51 0 -60 -64 -56 -11 -6 54 78 -38 64 18 -95 -28 42 51 95 2 66 -99 67
60 -90 -81 12 26 86 -34 17 -37 22 -91 -12 65 60 -97 -19 -6 -2 -77 -97 50 29 -53 76 78 0 56 11 78 32 64 -21 -61 99 4 69 -93 -25 -33 39 42 78 51 97 -25 -64 21 -94 -64 93 63 92 -62 11 39 -44 -32 -6 -17 -28 -57 -14 -94 -59 91 32 49 68 10 5071 10 -77 4 1 89 52 -60 12 -61 -32 71 -29 -67 -88 75 -94 59 -31 67 67 81 -95 34 -15 70 -5 -59 -66 54 -86 -53
94 93 -54 61 -22 18 -40 -29 -96 -13 -20 -88 50 -15 88 24 17 -63 29 24 100 -10 -66 -12 32 -82 -11 -73 -20 -35 23 -19 55 -76 21 98 24 -41 13 25 -76 33 -60 -44 69 24 32 -29 5 8 -52 2 33 -5 -80 -9 -64 86 12 -2 11 -29 55 -7 47 -13 58 -70 -73 -71 4280 47 14 -3 97 20 11 -31 26 45 16 16 72 99 4 -55 -30 -4 -56 -81 -72 86 -97 -74 -59 61 80 -21 26 -43 -72
-75 -54 -39 -25 82 -81 -18 57 92 31 -47 96 75 18 -28 -27 80 -22 -88 -7 -84 -38 -43 71 -31 -71 -43 -9 6 -85 -81 -76 -91 2 44 23 34 -61 86 -83 10 82 52 33 47 75 -60 -39 -78 20 47 -5 89 27 -48 -1 -80 15 -78 47 -35 -74 44 10 -70 -7 -8 -12 -70 17 -28 4829 78 8 -41 -50 -53 -72 18 -94 -50 -53 -52 -20 74 -42 -63 -76 -39 88 -23 74 33 -87 -23 59 -9 39 -54 44 -50
31 10 22 -70 -20 72 -85 6 -86 -55 24 -56 -73 94 92 31 -84 56 -98 -17 55 87 38 -22 92 -69 -43 -22 -4 93 -56 -49 3 -28 -76 -92 -41 63 28 11 -71 -69 20 -18 21 -1 -11 -38 -55 6 -62 -49 42 70 83 -52 0 -62 -47 56 -46 -35 27 18 -79 64 100 -16 33 4 90 64 4732 -76 -28 -70 61 -64 -35 38 -86 -65 18 9 -54 63 67 -1 -24 -20 16 31 -49 51 74 -69 59 50 62 28 18
92 -38 44 27 -35 -45 29 -61 -5 -96 35 67 -83 -85 9 30 35 -99 1 -79 -65 -33 -70 -65 5 9 -79 -63 -12 -25 -60 43 45 -48 55 40 5 -49 -25 -94 -97 40 -4 38 96 99 15 20 37 -69 -68 -15 60 24 69 -47 -26 -49 -32 -58 -78 -58 90 -64 -71 -66 47 24 -10 -49 -41 87 -2 5197 -69 -65 -27 89 94 97 37 27 9 -86 76 47 -96 -63 81 79 -23 83 68 55 48 65 71 -50 69 87 -99
-45 98 18 58 8 -20 -62 57 -19 99 85 -30 0 25 71 -44 45 -11 60 -53 -11 25 -81 -18 -87 -60 -39 93 51 -18 10 -32 49 86 38 -46 -9 52 88 -7 42 14 -9 -55 30 -39 -33 61 -58 -36 21 67 -90 0 -1 -95 -24 -64 70 79 64 0 65 -80 -20 -49 8 -15 -4 -64 71 -56 -91 -96 4618 25 -91 38 -83 -3 -47 -27 36 -20 -27 -57 -77 69 -18 36 9 -81 -93 93 33 60 65 -20 -78 -52 -96
-14 50 34 81 65 46 10 22 -83 91 54 -94 -78 -70 20 -13 -87 -19 44 89 45 0 -79 32 -11 -26 -76 8 5 -64 58 26 -85 -78 -81 25 34 34 34 -42 85 -10 78 76 -71 -83 11 36 -98 -80 63 -75 -33 44 -68 -29 -32 60 -68 68 75 67 -10 -53 -5 30 -86 31 -43 -8 -45 -53 69 41 23 4783 74 -18 -59 32 -1 35 -75 53 -50 78 68 26 -13 97 -36 -74 -32 -41 -49 -42 76 3 10 26 14
-42 -65 12 -44 1 49 -62 10 73 -68 -30 49 -32 -8 96 69 -25 96 79 47 -19 -41 91 8 41 44 -18 36 -61 28 -1 -6 60 71 48 -3 -19 28 -41 -4 -5 -71 5 8 79 -48 89 -63 62 -77 61 -83 -57 -65 10 -19 54 69 -99 39 -16 45 23 63 -98 -40 73 -59 -94 -75 -1 38 73 77 -7 86 4767 99 60 -29 11 57 -47 30 91 -2 -59 -11 -35 62 50 -68 46 -92 -49 44 -82 -93 -69 24 43
0 -93 49 -34 -82 61 -76 -95 -13 57 31 -78 64 62 -4 -90 -75 8 -52 -32 5 100 -84 74 71 -54 55 15 -48 -89 -49 33 -23 17 23 36 31 72 47 -6 42 -23 53 -9 -86 -76 -9 -53 -50 -60 -3 30 -7 -7 7 74 -74 4 88 14 49 51 21 6 -82 -91 24 30 80 48 49 -100 -3 77 -97 -36 -92 4702 -42 44 37 -93 -85 -4 94 48 58 1 0 -15 -37 -77 -85 31 60 -41 -5 31 50 70 0
-73 25 -37 -32 81 -27 -92 100 -92 53 -40 -65 37 11 92 7 -39 -47 79 68 59 96 -96 -64 44 45 -69 5 19 -78 84 -60 -89 -59 -56 13 51 -11 42 -78 40 69 27 -3 -70 55 -75 -6 8 83 -82 -100 -78 67 61 -80 -5 81 -99 11 -6 85 -33 77 -7 95 100 -40 2 -25 -99 -21 19 -63 -40 -21 54 -96 5241 56 43 -86 74 -49 8 -96 10 34 10 -34 94 -90 -6 -48 59 -44 -63 58 -65 15 82
26 96 0 57 -99 -61 30 88 -21 90 66 65 -27 -62 -13 -66 20 -48 -40 -37 -87 -8 -1 73 -43 -33 -65 41 50 -61 10 38 98 -99 -32 44 35 -62 64 11 29 -81 22 -7 59 85 -56 12 99 55 42 49 -91 -20 75 -73 37 61 43 73 40 72 -96 7 -6 -91 49 82 -64 -71 -53 -70 43 -51 20 85 -30 -2 -32 5113 45 -3 -91 -99 86 61 25 -73 -48 78 66 -27 55 5 -71 82 -71 64 -38 24 -86
41 93 74 59 -20 1 -94 17 -42 -2 90 72 -82 84 24 50 -48 99 10 31 72 57 100 15 16 -24 49 -12 18 87 96 -47 -48 -52 -29 97 25 -22 -36 83 -90 90 15 17 93 -73 -93 -35 -64 12 -82 87 -99 98 -86 93 -77 30 65 77 -78 40 -98 -89 -72 -73 -1 -83 72 -12 82 13 -9 -87 90 -32 3 -85 -33 24 5086 -3 -99 44 -13 18 13 30 25 -72 77 37 -29 83 -17 -4 -22 -7 2 20 -99
21 -75 54 -41 31 -75 -12 38 -80 -76 -27 -84 76 -53 -17 16 -47 -8 24 -59 -76 13 71 16 51 63 -49 -63 -23 74 94 -14 -13 -41 34 85 20 -34 79 38 85 9 98 -82 95 -62 -89 -16 81 60 13 -60 -95 -15 94 -68 -92 75 -63 97 6 19 47 -10 -92 -85 -42 7 62 70 -54 -63 -92 90 58 -8 87 -12 97 96 -90 5032 89 -18 -21 -37 -9 65 0 -5 -38 26 49 10 20 34 39 -88 -27 -55 16
-23 -18 -16 51 -23 52 -56 -59 -47 17 -43 -55 -4 -8 92 72 -49 95 -66 78 73 -13 -19 -90 -40 -61 10 100 11 71 -56 67 14 -11 3 -17 -67 5 73 59 -88 -71 -12 44 -7 58 35 -67 -91 -38 -39 -15 26 -69 23 -27 -38 57 -40 -45 -95 88 43 73 1 -54 -25 95 81 5 -28 13 8 -96 70 92 -93 86 -92 -88 -77 -68 4828 96 70 80 20 84 -18 -5 -45 -32 8 0 45 45 -35 82 -51 66 53
-97 -55 -51 -54 64 -54 25 -58 -44 -38 -32 91 8 36 9 90 55 48 27 -95 59 -93 49 98 3 -100 14 -95 -92 -59 74 59 -88 31 -24 4 -40 20 20 -7 44 14 -1 9 90 -75 35 -16 -78 -37 4 -30 100 85 69 -34 18 -89 16 -62 27 56 98 61 -28 -89 -93 24 50 62 -33 -96 19 -40 -64 -95 -19 -91 -73 -56 -45 -43 77 5004 93 -63 33 89 20 -32 8 -68 -20 76 12 0 -96 -5 24 -59 72
-41 16 -25 12 92 -27 95 27 -80 43 -57 -88 9 -6 -42 -12 -22 -84 -61 -12 -14 23 34 -25 -34 -11 75 -82 -34 -7 90 -81 -21 -39 -84 23 -69 12 34 2 4 -54 -63 -56 -73 -6 -22 20 -34 11 92 5 68 -60 77 -78 -81 -18 65 95 44 -77 -18 -23 -73 18 74 4 10 8 73 -90 33 -95 -15 33 -67 -28 12 10 61 -58 -93 -20 4572 -91 56 -82 86 -58 -29 -79 95 50 -42 31 75 -42 -8 -83 56
-5 -20 32 90 -81 59 93 -65 -26 42 78 94 5 72 -53 64 -70 25 24 67 51 56 -95 28 100 12 98 -68 -51 30 -80 43 93 99 41 14 37 20 -4 35 -51 55 10 50 -58 -72 -76 52 -86 -24 -17 10 -74 -74 -100 28 -91 -29 14 -67 10 -38 57 -68 42 -10 77 -33 -25 45 40 46 -10 -69 -97 -87 -9 -3 -29 -58 34 72 -92 -100 -17 5040 9 5 24 -68 -86 -63 93 -73 98 9 13 -79 70 -23 -44
76 90 84 75 -62 8 -43 -15 85 -23 -98 54 30 -19 -39 -83 -30 41 -28 -67 -31 82 85 32 23 55 16 59 -27 -74 -4 32 92 -5 -63 53 15 -59 26 -18 -91 -81 90 59 -17 37 65 31 1 18 -76 26 3 26 96 33 3 -11 50 -64 -37 -65 42 61 78 43 -97 58 -21 18 -8 -14 16 -37 -22 -85 -24 40 -69 72 36 73 -50 5 -26 19 4559 -65 90 92 16 59 -13 -53 -58 -35 14 -65 81 -22 54
-29 51 71 -79 -73 13 -16 38 -24 42 63 55 -47 -68 21 30 -78 -70 88 58 -98 -17 -67 -60 35 54 68 -74 -3 18 -88 76 -27 91 -36 -27 -43 58 72 -74 27 -79 4 85 -17 -100 56 38 -43 -54 73 -88 -36 61 -90 72 -17 57 8 65 -23 38 60 -3 -70 19 -17 -90 -50 -7 -6 58 80 -24 -39 -22 -95 -70 -25 17 -84 21 -11 -62 77 76 77 5063 -11 27 -76 -8 -99 -64 64 -47 -52 98 98 27 -93
-45 79 100 86 -37 58 56 -21 72 53 -12 -65 -35 -49 52 -13 15 92 -31 -69 9 -36 85 -22 49 20 46 31 56 6 -22 -65 74 -54 -13 68 42 61 98 -100 -49 -8 92 -65 -83 8 -59 83 -40 0 45 -39 -12 16 84 -53 93 -16 -89 -2 58 23 43 44 -74 27 -14 20 -92 74 48 -21 79 83 -67 73 45 -94 25 90 -79 49 1 -84 -20 -70 -41 -57 4899 27 -21 -43 -12 -30 -42 -21 98 60 -27 -89 -52
-7 41 -64 81 63 -21 63 1 -61 23 -100 64 -58 81 -26 -44 84 -11 -13 27 67 -79 21 18 -95 -65 88 6 -50 -61 -96 -18 71 69 -78 59 -11 79 -71 2 -34 -17 -79 -68 -89 52 61 -41 84 -82 -66 10 76 -50 -21 -89 42 94 73 79 39 -8 56 79 -66 -95 -17 -19 64 -85 56 -58 17 36 51 48 -30 -54 -51 -46 76 27 73 -70 -20 3 43 45 -48 5070 33 -66 47 -66 40 22 -39 -47 28 -57 -71
77 -93 -57 31 -99 -68 -94 -11 -43 85 77 -58 -3 -5 10 50 -53 -58 -2 89 -52 -30 -13 -61 81 81 20 -67 25 37 -60 -24 -77 16 42 -39 -72 78 30 11 10 97 96 42 -61 -25 -16 -85 28 0 61 10 -69 -62 -40 -33 -51 76 -100 -75 82 85 -49 25 42 -84 36 55 -67 17 -13 -65 -6 -64 57 66 28 21 26 -52 21 -88 84 -51 44 47 65 9 21 42 4859 -5 -24 -24 92 17 -35 -56 91 -86 -91
87 -4 -33 -5 79 -31 35 58 41 -1 -80 29 -15 -29 -64 98 49 -41 -90 69 -23 -47 -4 45 -54 -7 -87 19 79 89 -97 77 -2 -89 63 49 -48 -1 -31 -18 -39 -61 42 69 73 -72 -74 21 34 50 63 64 -3 -33 -15 -94 -61 -13 -77 77 -14 77 66 11 -86 0 9 -23 -45 -44 -36 -83 -18 86 -45 -89 29 -40 57 -96 83 33 -89 78 34 27 95 5 -35 -49 -5 4708 84 -12 -42 14 -48 -68 -13 37 -41
44 96 -65 -86 -48 -36 -43 -93 -28 -99 9 -56 74 -44 53 -85 -37 -1 57 51 -34 -33 -49 -72 52 -2 21 -58 -65 -69 27 87 -7 9 -77 -63 -48 78 -69 -73 63 -35 -52 -90 46 1 -98 -49 25 -53 11 -8 -88 -84 30 -14 60 34 -72 32 -10 -81 -72 -12 -53 39 58 6 -82 -53 -69 -80 79 -21 31 40 -32 -26 29 -93 95 29 -69 92 36 54 73 14 -55 -39 41 -50 4922 -64 27 -45 -10 -53 -34 -32 1
-88 -21 10 93 -47 -84 -70 15 -98 -1 -66 -49 -58 -60 -95 64 -99 95 -28 67 9 69 -32 -50 47 -34 -36 -2 50 85 3 85 77 -100 4 11 97 -58 -96 -97 -40 -79 -5 -81 -97 28 45 -91 58 -1 72 99 22 -60 -100 43 74 -25 19 -85 14 3 40 95 -60 -86 84 5 34 -16 50 -9 -18 4 -18 -51 58 23 74 5 53 9 85 -34 28 67 -22 -5 -48 13 -83 -54 5 5008 -38 -66 57 84 -46 -89 100
78 -65 -68 70 87 97 -45 22 -32 -42 36 -68 94 -79 -26 78 40 -20 -82 -59 -30 34 -33 -59 46 -71 29 -25 -88 -28 -79 84 -3 -47 16 -83 -95 41 -82 66 -21 -92 14 -15 24 -97 -17 -63 -35 21 -8 78 27 -49 -5 -30 95 -15 -23 -9 -15 39 82 22 1 97 61 92 -54 -98 61 -23 49 -47 -10 9 -78 33 -81 3 -42 -58 8 66 -78 -3 10 51 33 -82 -41 -63 88 85 4964 42 -82 97 -89 25 -75
-7 -46 -10 -16 63 94 -37 -28 -82 -81 -3 -53 33 47 -88 96 -15 98 34 -84 63 -80 -98 62 -74 13 -46 -39 -71 31 50 85 0 85 62 -68 45 -59 89 75 -75 -13 -16 31 71 27 -1 -59 -8 -28 89 41 32 -76 -73 6 -33 31 -1 -64 61 -23 -60 -33 5 -94 -21 -64 -81 -30 -57 -17 63 -16 26 59 19 15 22 -31 97 -97 61 -58 -84 27 -66 -15 -59 -24 14 10 -8 -57 41 4768 -70 -53 -44 100 -93
-38 66 -14 -99 -76 91 88 -6 -3 -71 -13 -4 46 -98 -18 -25 24 68 -54 99 -54 -20 15 97 21 -42 -46 97 -72 -29 -66 67 85 1 -96 71 -51 34 -20 53 -79 86 -10 -86 95 -79 -69 91 -93 28 27 87 47 -72 -55 12 9 -73 -92 0 -44 92 81 24 98 -97 -43 -10 59 -40 28 10 86 89 13 -20 2 75 86 -76 -16 20 -10 0 -8 -8 43 -97 -36 -19 39 65 51 23 -66 100 5036 36 64 -33 52
-37 55 -82 -25 -86 -77 -35 65 100 -92 82 51 -22 -64 -50 -93 67 45 -2 -85 15 -27 -39 19 53 11 46 -5 -73 -79 82 -81 41 78 -1 -95 13 -76 -67 -29 32 1 96 32 89 -20 -42 -58 69 0 0 85 71 -16 -74 -46 -36 85 82 -70 65 52 37 -86 -89 -19 83 -65 54 -75 64 82 -50 -88 99 78 31 95 30 -29 -30 89 49 -2 -85 -25 99 -97 37 -70 -94 10 56 34 76 -77 -99 5558 -88 -20 56
-88 17 -23 34 19 70 5 -17 27 -10 -15 -97 18 22 37 -43 63 39 -88 -14 56 -89 -69 -94 97 83 19 24 17 0 75 84 23 45 61 -13 50 -36 -98 53 -47 53 44 -39 -43 -65 97 86 8 79 -29 -98 33 96 -14 -34 -8 -32 -71 88 14 -35 -64 92 72 -38 -9 91 -28 -11 -37 -94 25 -23 -61 -59 -32 61 98 30 16 42 -13 -75 -95 -79 100 46 83 29 14 -94 18 78 83 5 -32 79 4882 -30 61
-65 -76 13 22 -64 73 -80 5 83 13 19 -3 79 -13 -41 95 -84 43 -54 -85 -43 83 15 -1 69 -79 -21 98 -82 76 -46 -29 -95 46 -35 4 27 -93 64 39 90 -53 38 -83 -55 5 34 12 11 81 -3 -62 78 52 -80 24 65 52 74 -100 -70 -94 72 57 -8 -93 -55 0 20 62 -17 -41 -6 -75 -14 12 -61 -68 -16 91 53 -100 83 79 98 86 -62 89 4 -4 5 -73 30 -74 -10 36 -17 -39 -26 5008 84