1106 27 -37 29 29 10 -97 -7 -80 -23 -75 -92 33 -93 6 98 -34 90 -1 7 63 71 -27 16 -60 69
67 1627 -74 -93 82 -80 94 -82 -27 30 97 91 -86 42 28 -99 -71 -91 88 45 31 50 94 12 72 21
87 -56 1303 28 -49 -80 55 94 5 -63 -70 16 10 39 -40 -75 -36 77 52 -94 -31 -89 -30 -90 36 58
75 -76 42 1207 3 95 -11 31 98 -1 -33 -46 56 -5 -98 -50 85 -27 -92 85 -43 -65 -62 -16 -11 -66
21 -42 32 -75 1232 -56 43 -92 -13 -20 -36 -88 -5 36 9 -73 33 78 93 -100 37 -59 -95 -23 -72 8
88 -21 -77 -38 -67 1166 -59 -26 86 -68 -3 76 15 -47 -17 -91 -83 -19 -12 19 50 -54 -72 3 -74 -31
30 -92 61 -29 -91 62 1479 -76 -2 9 -22 -95 -89 34 -100 -89 -53 -85 -99 -51 -43 92 -100 73 1 62
68 -3 42 -60 -22 36 -42 1202 43 37 58 6 -89 -85 72 -3 -63 -27 -99 64 -66 -83 94 -8 31 57
94 -37 -80 64 19 -40 51 51 1157 78 -6 46 -8 -16 -84 -99 18 -57 -52 -33 41 -56 23 -3 100 11
89 -21 39 29 -12 52 -81 71 -20 1416 -39 -99 -70 -25 -69 -99 80 94 -4 18 -98 -59 85 79 83 -90
-77 -27 1 55 98 99 -54 15 0 45 1032 -25 -50 -2 82 -56 -88 -46 -42 37 -22 -4 83 -19 4 70
-90 -57 84 5 -2 -66 -50 -78 34 -91 -69 1341 -49 96 -59 14 93 82 -16 40 89 29 -27 -59 61 -82
10 -63 0 -83 27 51 33 22 -91 11 -31 -54 877 -62 -21 -57 12 -62 30 -19 -2 -6 -55 15 59 -96
86 39 -90 16 -33 86 -67 -38 65 -67 92 4 89 1322 18 65 0 70 12 -59 85 -96 91 -48 -5 -97
60 37 48 -13 -9 39 -36 14 -38 -28 -29 -76 -66 32 969 -63 88 -62 23 -73 -31 39 10 7 -47 -71
8 6 -76 13 53 87 86 -91 10 88 -48 -98 -57 69 41 1359 46 -34 -79 -85 -60 -80 -74 -51 -18 -14
7 -73 74 -35 71 -37 56 -8 35 -24 50 -19 14 66 -70 83 1151 -62 32 -71 -78 93 49 -34 9 -14
2 89 28 -83 -84 -95 -89 -14 15 -44 -80 52 -73 -32 -97 -83 -57 1297 46 -18 44 -33 35 -95 -8 10
-85 26 -54 -84 50 -45 -61 -55 36 -98 -18 -51 -71 -27 -1 12 -4 -16 1195 -92 -64 63 75 -82 24 74
-29 -27 5 0 52 55 -3 -81 31 -30 -60 10 -27 14 -22 51 -67 -59 -58 947 -45 -55 -21 -71 -73 68
59 77 -26 52 -55 48 -82 38 -1 77 93 67 -19 -14 -74 13 -27 -34 -83 86 1357 69 -72 -93 -97 -64
80 -59 -41 -9 29 -46 41 65 87 14 -89 21 -71 -3 55 -32 -89 -55 84 -74 57 1315 72 -91 50 -19
-53 22 70 -24 -56 79 32 -93 11 -37 28 22 50 -52 -52 -81 21 -83 -40 -93 -9 27 1144 60 48 -64
46 -75 -18 26 -81 -71 16 -72 96 -49 -97 -37 -37 -28 -94 57 32 -74 -55 -17 31 87 14 1218 -7 -63
-81 70 75 80 29 -37 -70 -2 -60 -4 -54 11 -46 -85 -9 -99 -64 24 -74 -33 53 5 -37 -19 1122 78