2374 44 51 -38 27 3 -17 -83 -22 98 86 -19 -75 -39 -77 -4 -83 37 -69 97 -25 11 -98 -64 78 60 14 -32 -32 21 -18 84 55 87 71 44 -32 -12 37 75 -90 85 -79 -6 19 77 18 -7 24 -49 14
23 2457 37 -22 53 -39 -68 -91 23 26 71 -6 36 57 58 -92 49 -59 -50 54 80 51 73 -3 74 -12 -72 -66 -26 78 -72 -62 -79 54 82 18 48 -17 29 71 -10 -71 -40 77 57 41 16 -40 -38 -85 43
23 -39 2199 48 59 -20 -81 4 86 -99 -13 26 -41 41 -100 91 2 16 7 -32 80 67 -92 77 28 -52 -28 3 41 -67 77 -28 12 -95 34 39 -65 17 8 -15 -86 28 8 -48 19 -79 93 -24 13 47 1
96 61 42 2535 38 90 53 30 -45 -58 -71 -90 -97 -76 34 -31 20 -60 55 57 25 39 -15 -91 -65 -33 30 61 -61 42 -4 -70 -49 -100 86 -79 80 13 -26 -27 -90 11 56 -72 51 41 -56 26 0 31 41
-20 -33 -72 -14 2305 -49 36 -95 -29 4 -5 58 -59 -80 30 -1 -66 -37 84 -87 27 -48 -18 72 38 -10 -16 -75 -48 1 39 -33 89 -86 -74 68 -44 31 19 81 -92 -30 13 93 -53 -68 -19 -25 -90 45 -84
-33 -32 -33 44 -17 2325 11 26 -66 -66 79 -26 42 -59 -49 -28 30 14 -23 70 -33 -73 12 40 80 -16 -74 76 97 86 1 -23 67 -100 6 7 -42 60 63 84 -96 58 24 20 79 93 -85 -6 -30 45 98
96 -72 -74 -75 -20 95 2594 -58 91 75 -78 35 31 -19 -52 44 67 -21 -22 0 -21 80 -80 -41 5 -74 56 93 -23 -51 -2 98 95 -61 11 96 0 57 66 94 17 22 97 -5 -44 -33 46 -83 46 -71 59
-42 -32 -13 -47 -45 -17 21 2339 100 -61 89 -74 -43 65 -30 -26 53 92 46 -52 19 -81 84 53 -5 78 -17 99 39 74 51 80 5 11 -23 -68 38 -3 -42 16 -91 -35 65 -13 54 -91 10 -15 -45 -85 -30
16 79 -35 15 58 -84 50 -59 2645 12 96 86 91 17 17 -28 33 31 4 51 -80 21 97 57 28 90 80 47 -76 29 -18 -20 -87 -60 96 68 50 -54 -49 -3 -94 91 65 82 -79 -96 -73 58 30 4 -39
71 31 -3 -71 63 -26 -47 67 -51 2260 -85 100 -85 19 66 20 -31 -65 85 49 11 -6 -57 88 -43 -71 -57 -8 20 -30 18 9 63 -88 89 18 84 34 -57 -4 -42 50 2 -14 30 30 -22 65 -62 52 -50
-11 29 -2 96 -94 19 15 41 76 59 2743 74 -14 -65 31 -58 32 46 68 6 -44 82 48 8 66 -28 -89 77 98 1 -65 100 -57 24 -68 77 -84 -69 -75 27 -60 -76 -59 55 -72 -78 81 93 93 -52 -28
-99 -99 -15 1 72 63 -89 -95 -2 -3 73 2300 32 -42 50 -100 -51 -3 29 -31 -23 43 20 -81 -94 48 -9 17 49 -44 -94 -47 -72 4 88 -28 -4 -48 -51 -98 -25 39 4 45 53 98 71 -48 4 -1 81
32 95 -39 11 -67 16 -90 22 62 38 82 -61 2431 -21 17 -21 10 29 16 70 -82 40 4 19 -59 15 95 74 -26 -77 -90 85 71 -44 58 59 54 97 83 47 -15 -95 20 -92 -33 -65 48 64 -11 9 -81
-74 53 -58 -12 -58 22 20 -49 37 -79 -36 -32 -52 2562 -21 -11 51 60 99 -15 98 52 -52 72 -91 8 -95 -49 -86 37 87 17 -70 94 96 -32 -8 22 64 34 -26 -75 -83 85 4 -52 -88 -46 17 -82 -2
11 53 -13 40 -70 52 -32 -45 -65 88 -17 17 -82 34 2241 -30 48 52 -69 -53 55 -56 -12 5 10 5 61 -31 83 -61 -3 -40 66 -19 7 54 -56 12 -56 -75 97 32 -64 21 -91 6 74 79 -52 -86 4
54 4 86 -3 25 -81 50 61 84 95 -44 -82 -4 -47 9 2257 8 21 0 37 -81 -63 35 70 -6 54 23 46 72 48 37 -49 -31 9 -88 23 39 50 94 86 -58 32 -66 20 28 -44 -74 -82 25 -28 16
-37 -81 -86 -22 19 93 81 -19 99 -27 61 -76 -62 -95 88 -48 2727 -3 37 -32 37 -13 68 -8 62 79 -98 -17 -98 -80 -77 49 -68 -27 -93 30 -60 -100 93 42 -51 -10 -61 94 -70 -8 -29 -63 27 -48 77
-84 -11 -40 -29 55 -86 -84 22 44 -83 -12 79 -47 -43 -82 33 50 2669 86 100 -41 -91 -52 94 -19 -72 -84 -20 -32 -12 -88 -56 -9 -85 -46 -72 -9 29 -24 60 15 -94 -89 -40 -74 -79 -68 35 28 81 0
96 90 -38 81 90 55 4 2 -8 -25 -59 -61 46 11 12 82 -51 -56 2198 46 -14 -31 2 49 -18 6 -15 -51 -85 -65 -34 52 -55 -79 4 -75 96 41 -7 51 64 75 13 2 7 -68 -30 91 -11 -93 67
19 17 -92 89 -15 -4 -50 30 -55 -59 3 -8 -9 -39 -4 -8 5 -96 24 1962 29 15 -21 75 26 -71 43 -1 39 86 16 -66 38 -7 42 7 35 20 -23 14 95 -88 -96 77 62 -50 -54 -28 -48 -63 13
-73 -6 22 -35 -33 -73 39 40 47 91 -27 -93 -93 19 -64 -67 -88 72 -24 -80 2664 -88 77 -6 91 -69 35 -34 -59 -76 87 -85 94 -46 -67 -2 26 -97 -10 -54 86 -59 -16 -21 22 -60 13 47 -54 -96 62
78 63 23 -41 -65 91 -27 -70 -85 41 14 -35 96 27 -78 48 -70 98 44 59 -59 2481 -23 -4 -15 -22 59 -66 -93 -34 15 15 -82 71 50 -82 -56 54 11 -3 -21 35 -56 66 -100 22 -64 76 3 -70 15
55 60 -19 100 15 -62 -100 77 -11 67 83 14 -76 36 -39 29 -17 -32 81 67 94 69 2528 22 -64 2 90 -13 60 -6 -64 -89 21 -68 22 -23 -29 -99 31 54 58 -67 -4 97 -54 -6 72 -74 94 41 57
-61 -32 7 -35 -63 28 -54 -51 -62 -98 -8 45 -65 -62 9 52 -9 -38 -6 -88 3 19 13 2245 -55 -73 -17 -32 -45 -20 32 11 87 -65 48 72 -20 -86 -65 33 -63 0 -2 -96 -69 -66 -78 -71 30 100 32
97 64 -39 -86 30 -8 9 14 89 -19 3 87 -48 64 61 3 -74 7 29 -26 53 -39 64 -48 2095 -43 8 50 30 -16 8 -63 -65 41 -33 1 -74 83 -41 41 18 -52 -21 -27 -9 -56 -25 -48 90 90 31
71 59 50 100 5 0 48 67 5 25 18 88 -27 -36 -40 -6 -45 -5 -90 -17 30 77 -30 96 65 2340 -61 12 55 -66 -6 58 83 -98 -60 -17 66 77 78 71 76 9 -44 34 74 -46 72 37 -28 -11 50
47 -52 -62 35 -43 98 -45 -31 -52 -6 -13 -85 -78 -49 -4 34 79 56 -96 -35 -84 -42 -3 -9 29 -12 2312 35 -13 -70 68 -93 -97 94 74 -3 43 4 36 32 45 -49 45 44 -7 28 -99 -31 -39 -83 -67
-14 -4 -49 37 -50 78 -58 65 6 -1 0 -36 -14 -32 -43 -11 24 -36 -84 -77 54 37 -88 21 -11 5 3 1759 93 -23 -75 -45 5 65 46 10 -8 -44 46 42 49 66 7 14 55 -58 -4 2 -54 9 77
28 -3 -22 91 -91 54 86 99 27 28 32 32 17 -100 -95 -35 -77 -61 -15 -65 26 89 -72 -100 13 -38 -26 78 2361 67 58 73 -55 83 56 52 1 44 -14 65 -22 19 -38 75 -30 23 -25 -10 14 36 72
-89 -40 -59 -90 -45 73 9 32 43 82 -76 0 22 14 83 19 -65 -97 31 27 83 -49 -12 94 -45 -61 7 85 6 2380 -78 1 82 23 -7 -48 64 4 79 11 85 58 -77 -4 40 91 -54 52 67 -16 -60
-21 -2 -33 73 7 73 85 36 87 50 -53 -53 51 -21 8 26 85 98 35 -59 -84 -56 -47 6 -23 67 -30 9 -46 90 2377 73 18 -27 -77 47 -88 -85 -56 67 -34 -54 -15 35 -49 -33 4 45 -95 60 -26
-69 -45 -14 96 -75 -62 47 67 6 30 44 20 15 45 -77 4 87 21 16 -84 31 -61 4 -15 -87 53 32 84 6 47 85 2426 -81 -75 -1 21 50 -64 1 -32 -56 -84 42 71 100 44 97 74 -40 -63 4
97 41 -94 -60 -50 -1 -72 -52 69 21 82 -99 -5 45 -19 74 -23 -59 -46 -81 -100 14 -21 84 -59 -99 40 10 -79 -93 24 -12 2735 74 -74 -7 -63 -56 85 71 86 -14 -66 42 -70 -31 73 51 49 -97 -18
36 -84 -41 80 -83 -90 -37 -17 18 83 -57 -83 -60 65 94 26 -49 -41 98 -16 15 -22 26 64 21 80 85 53 59 57 -23 31 -72 2732 56 -22 25 72 64 84 -78 -90 28 -89 75 -3 -48 59 94 -78 89
-57 -96 -28 -100 -96 14 57 67 75 -75 38 -44 11 -64 16 -86 46 10 -84 -76 -10 -7 -88 11 57 84 -7 -92 -71 17 -62 -30 -74 54 2486 81 10 -43 61 7 -87 -43 31 -1 -71 59 -29 -81 -16 -61 57
4 -94 -64 -32 -10 42 55 -41 96 35 -51 -65 -85 -7 -100 -87 69 27 54 96 -36 -6 78 4 43 81 -20 -67 26 22 -46 16 -63 -73 -76 2346 -35 -75 80 74 13 14 4 -65 -47 24 -69 -26 -20 28 34
-52 95 2 -93 -60 -29 11 -53 56 -14 76 88 -97 -37 -69 43 54 -19 -95 -76 55 60 -15 -87 77 -33 12 -78 12 40 6 -32 32 -11 -90 -90 2690 -74 38 79 96 27 -75 45 81 59 64 -49 -67 86 -99
50 22 47 28 5 64 13 -71 -2 25 18 16 46 -50 -44 -39 -67 46 -74 -18 9 96 79 86 -4 -78 13 -54 80 38 39 55 88 -53 -57 -74 90 2084 -32 11 -5 21 48 -55 -27 81 -2 -49 3 -11 -84
51 45 -24 -83 -19 -40 -70 -55 -39 -27 -95 -68 53 6 39 44 -55 -43 -41 -80 96 -53 -13 60 81 -60 -85 -72 36 94 -67 -63 -57 24 -11 -16 -71 -13 2472 31 81 76 -59 11 66 -13 77 14 -15 79 2
51 28 -42 -25 89 43 19 -12 -42 89 -34 87 46 98 -41 -23 -45 27 -35 23 73 -21 45 -46 8 31 -55 -27 11 76 -96 -54 -10 -28 3 22 22 -75 97 2237 11 -36 80 -91 -96 -79 -70 37 8 -29 -26
-45 -53 -24 -6 -52 -87 -44 -62 79 82 9 -12 14 24 69 -93 43 -51 -58 -8 14 50 43 -93 -87 90 -16 -51 52 -29 38 -85 -62 -72 -83 -70 11 -73 66 -25 2438 43 -6 38 43 63 -76 64 68 11 31
-88 -39 4 -30 20 -43 76 -55 7 -55 22 -23 -19 69 -1 88 85 20 -54 74 49 40 -67 -59 -37 -98 5 -22 -9 54 9 69 64 -51 100 20 82 -24 -23 -87 -72 2184 -45 78 15 73 26 -16 1 -16 1
-46 -92 98 -76 -8 61 93 -12 1 62 -58 67 -7 28 -31 -28 97 -93 99 -53 -12 33 45 56 -41 48 -52 47 71 98 -18 -43 -19 -83 53 -3 100 33 66 -27 -68 81 2697 83 74 -95 -72 -72 18 -75 -28
-61 77 -5 -98 -92 15 28 52 -28 -58 79 -91 -6 -48 -70 -31 -7 39 -86 38 48 -78 61 -95 -20 -42 27 37 11 -51 -5 -90 -22 -9 -9 12 -36 -87 0 -71 -20 -69 -42 2276 -49 -75 -65 -10 82 43 67
35 49 -61 5 -50 19 -4 -27 -34 38 -33 1 47 -92 36 46 10 81 28 43 -44 31 -26 -53 -95 53 -45 -25 28 56 79 -4 24 -89 -77 74 37 75 35 -29 30 1 -28 -58 2022 44 30 23 -54 -35 80
47 -24 90 4 -48 66 -43 -14 4 -35 29 -60 31 6 -25 34 58 -86 52 -1 -60 -98 16 30 -65 -23 -18 -99 -90 22 -68 -67 30 77 57 0 -89 -14 40 -10 -96 16 -9 -66 -6 2108 37 -85 -25 37 20
-54 91 3 98 89 9 -22 -8 -59 -85 53 -52 -70 -69 -53 -36 -83 65 -99 -39 24 -3 -83 -34 63 -99 100 84 77 45 -29 71 0 -95 -64 93 -100 -52 27 100 -28 2 77 65 -2 21 2717 32 -79 30 -21
2 -42 16 -84 58 4 75 -22 27 83 -56 -10 -92 15 -58 95 -99 -58 -72 42 -78 42 -1 25 57 -23 30 24 62 37 -15 42 -33 5 84 81 4 -45 -97 -10 76 97 -76 -3 -69 -70 48 2366 56 -65 9
65 -76 -18 -13 -23 -85 -22 29 63 50 15 -72 99 98 97 17 -58 -71 32 54 -98 84 -13 26 -11 -78 82 70 -83 -50 54 -82 -84 -37 -12 18 -59 55 2 -54 20 60 -53 35 -79 12 -54 93 2534 18 -98
-13 56 -54 54 -52 99 -66 -18 -19 51 48 94 7 -71 38 72 -84 -94 93 -81 -25 -9 -7 10 -46 55 72 100 2 33 -61 -15 42 33 -4 88 -46 52 -59 -92 54 31 -79 20 26 -89 12 47 48 2422 -50